<!DOCTYPE HTML>
<html>
  <head>
    <meta charset="UTF-8">
    <title>STREME Results</title>
    <script>
      // @JSON_VAR data
      var data = {
        "program": "streme",
        "version": "5.3.3",
        "release": "Sun Feb 7 15:39:52 2021 -0800",
        "cmd": ["streme", "--p", "PRPF17.fna", "--dna", "--oc", "."],
        "options": {
          "strands": "both",
          "objfun": "Differential Enrichment",
          "test": "Binomial Test",
          "minw": 8,
          "maxw": 15,
          "kmer": 3,
          "hofract": 0.1,
          "neval": 25,
          "nref": 4,
          "niter": 20,
          "patience": 3,
          "seed": 0,
          "useer": false,
          "minscore": 0,
          "ignore_depth": 5,
          "nsubsets": 1,
          "min_pal_ratio": 0.85,
          "max_pal_ed": 5,
          "cand": false,
          "experimental": false,
          "totallength": 0,
          "stop": {
            "pvt": "0.05"
          }
        },
        "alphabet": {
          "name": "DNA",
          "like": "dna",
          "ncore": 4,
          "symbols": [
            {
              "symbol": "A",
              "name": "Adenine",
              "colour": "CC0000",
              "complement": "T"
            }, {
              "symbol": "C",
              "name": "Cytosine",
              "colour": "0000CC",
              "complement": "G"
            }, {
              "symbol": "G",
              "name": "Guanine",
              "colour": "FFB300",
              "complement": "C"
            }, {
              "symbol": "T",
              "aliases": "U",
              "name": "Thymine",
              "colour": "008000",
              "complement": "A"
            }, {
              "symbol": "N",
              "aliases": "X.",
              "name": "Any base",
              "equals": "ACGT"
            }, {
              "symbol": "V",
              "name": "Not T",
              "equals": "ACG"
            }, {
              "symbol": "H",
              "name": "Not G",
              "equals": "ACT"
            }, {
              "symbol": "D",
              "name": "Not C",
              "equals": "AGT"
            }, {
              "symbol": "B",
              "name": "Not A",
              "equals": "CGT"
            }, {
              "symbol": "M",
              "name": "Amino",
              "equals": "AC"
            }, {
              "symbol": "R",
              "name": "Purine",
              "equals": "AG"
            }, {
              "symbol": "W",
              "name": "Weak",
              "equals": "AT"
            }, {
              "symbol": "S",
              "name": "Strong",
              "equals": "CG"
            }, {
              "symbol": "Y",
              "name": "Pyrimidine",
              "equals": "CT"
            }, {
              "symbol": "K",
              "name": "Keto",
              "equals": "GT"
            }
          ]
        },
        "background": {
          "freqs": [0.247, 0.253, 0.253, 0.247]
        },
        "train_positives": {
          "file": "PRPF17.fna",
          "count": 308313,
          "positions": 11739427
        },
        "train_negatives": {
          "from": "shuffled",
          "count": 308313,
          "positions": 11747352
        },
        "test_positives": {
          "count": 34256,
          "positions": 1310638
        },
        "test_negatives": {
          "count": 34256,
          "positions": 1302713
        },
        "sequence_db": {},
        "motifs": [
          {
            "db": 0,
            "id": "1-AGCCTGGGYRACAGA",
            "alt": "STREME-1",
            "width": 15,
            "initial_width": 15,
            "seed": "AGCCTGGGCAACAGA",
            "score_threshold": 12.7726,
            "train_pos_count": 5087,
            "train_neg_count": 198,
            "train_log_pvalue": -1226.87,
            "train_pvalue": "1.4e-1227",
            "train_dtc": -1.0,
            "train_bernoulli": 0.499758,
            "test_pos_count": 551,
            "test_neg_count": 19,
            "test_log_pvalue": -135.275,
            "test_pvalue": "5.3e-136",
            "test_dtc": -1.0,
            "test_bernoulli": 0.499758,
            "elapsed_time": 923.1,
            "len": 15,
            "nsites": 5638,
            "evalue": "5.3e-136",
            "pwm": [
              [0.955818, 0.00567917, 0.0251094, 0.0133939], 
              [0.0494295, 0.022418, 0.917316, 0.010837], 
              [0.0119519, 0.910526, 0.0198066, 0.0577158], 
              [0.0222206, 0.939237, 0.00954634, 0.0289964], 
              [0.0116757, 0.0344092, 0.00483566, 0.949079], 
              [0.0937961, 0.0128829, 0.884261, 0.00906045], 
              [0.0682337, 0.00745101, 0.915675, 0.00864063], 
              [0.0757499, 0.0303904, 0.883793, 0.0100662], 
              [0.0460427, 0.582724, 0.0194539, 0.35178], 
              [0.498077, 0.0138242, 0.477429, 0.0106697], 
              [0.97302, 0.00222032, 0.0219362, 0.00282376], 
              [0.015464, 0.913922, 0.0239626, 0.0466518], 
              [0.959727, 0.005204, 0.0276184, 0.00745097], 
              [0.113294, 0.087416, 0.681251, 0.118038], 
              [0.808563, 0.0179452, 0.140993, 0.0324993]
            ]
          }, {
            "db": 0,
            "id": "2-GAGACRGRGTCTYRC",
            "alt": "STREME-2",
            "width": 15,
            "initial_width": 15,
            "seed": "GAGACAGAGTCTTGC",
            "score_threshold": 12.4826,
            "train_pos_count": 4207,
            "train_neg_count": 213,
            "train_log_pvalue": -962.279,
            "train_pvalue": "5.3e-963",
            "train_dtc": -1.0,
            "train_bernoulli": 0.499758,
            "test_pos_count": 489,
            "test_neg_count": 24,
            "test_log_pvalue": -112.387,
            "test_pvalue": "4.1e-113",
            "test_dtc": -1.0,
            "test_bernoulli": 0.499758,
            "elapsed_time": 1818.0,
            "len": 15,
            "nsites": 4696,
            "evalue": "4.1e-113",
            "pwm": [
              [0.0580228, 0.00872656, 0.909988, 0.0232625], 
              [0.949579, 0.00709529, 0.0305984, 0.0127273], 
              [0.0402438, 0.00834219, 0.94118, 0.0102336], 
              [0.912502, 0.00260644, 0.0668241, 0.0180679], 
              [0.00649276, 0.677629, 0.0114386, 0.30444], 
              [0.575207, 0.0102337, 0.392058, 0.0225012], 
              [0.0927363, 0.0102338, 0.886378, 0.0106521], 
              [0.511442, 0.0115841, 0.460153, 0.0168209], 
              [0.0696604, 0.00909033, 0.910018, 0.011231], 
              [0.00250268, 0.0354447, 0.00350042, 0.958552], 
              [0.00374958, 0.840987, 0.0102337, 0.145029], 
              [0.00460127, 0.0134756, 0.00449794, 0.977425], 
              [0.0100876, 0.574205, 0.0293275, 0.38638], 
              [0.405311, 0.0348778, 0.523376, 0.0364353], 
              [0.00666199, 0.924375, 0.0205088, 0.0484544]
            ]
          }, {
            "db": 0,
            "id": "3-GRGYGCRGTGGC",
            "alt": "STREME-3",
            "width": 12,
            "initial_width": 12,
            "seed": "GAGTGCAGTGGC",
            "score_threshold": 12.6407,
            "train_pos_count": 2992,
            "train_neg_count": 335,
            "train_log_pvalue": -531.78,
            "train_pvalue": "1.7e-532",
            "train_dtc": -1.0,
            "train_bernoulli": 0.499758,
            "test_pos_count": 347,
            "test_neg_count": 38,
            "test_log_pvalue": -62.545,
            "test_pvalue": "2.9e-063",
            "test_dtc": -1.0,
            "test_bernoulli": 0.499758,
            "elapsed_time": 2596.7,
            "len": 12,
            "nsites": 3339,
            "evalue": "2.9e-063",
            "pwm": [
              [0.205236, 1.5839e-05, 0.794733, 1.54634e-05], 
              [0.39933, 1.5839e-05, 0.600639, 1.54634e-05], 
              [0.0295366, 1.5839e-05, 0.970432, 1.54634e-05], 
              [1.54634e-05, 0.40652, 1.5839e-05, 0.593449], 
              [0.257441, 1.5839e-05, 0.742528, 1.54634e-05], 
              [1.54634e-05, 0.702782, 1.5839e-05, 0.297186], 
              [0.535223, 0.0163772, 0.448384, 1.54634e-05], 
              [0.0655798, 1.5839e-05, 0.934389, 1.54634e-05], 
              [1.54634e-05, 0.00404978, 1.5839e-05, 0.995919], 
              [0.0204741, 1.5839e-05, 0.979495, 1.54634e-05], 
              [0.0187321, 1.5839e-05, 0.981237, 1.54634e-05], 
              [1.54634e-05, 0.79084, 1.5839e-05, 0.209129]
            ]
          }, {
            "db": 0,
            "id": "4-CCCCACCCC",
            "alt": "STREME-4",
            "width": 9,
            "initial_width": 9,
            "seed": "CCCCACCCC",
            "score_threshold": 8.45427,
            "train_pos_count": 14488,
            "train_neg_count": 10163,
            "train_log_pvalue": -168.226,
            "train_pvalue": "5.9e-169",
            "train_dtc": -1.0,
            "train_bernoulli": 0.499758,
            "test_pos_count": 1650,
            "test_neg_count": 1087,
            "test_log_pvalue": -25.7036,
            "test_pvalue": "2.0e-026",
            "test_dtc": -1.0,
            "test_bernoulli": 0.499758,
            "elapsed_time": 7139.1,
            "len": 9,
            "nsites": 16138,
            "evalue": "2.0e-026",
            "pwm": [
              [3.24209e-05, 0.978344, 3.32085e-05, 0.0215908], 
              [3.24209e-05, 0.977667, 0.019224, 0.00307622], 
              [3.24209e-05, 0.993078, 3.32085e-05, 0.00685648], 
              [0.0707032, 0.772476, 0.0693271, 0.0874938], 
              [0.643776, 3.32085e-05, 0.200185, 0.156006], 
              [0.157783, 0.585765, 0.133273, 0.12318], 
              [0.0108319, 0.950004, 0.0159408, 0.0232237], 
              [3.24209e-05, 0.917384, 3.32085e-05, 0.0825504], 
              [0.0212335, 0.943918, 0.00775083, 0.0270976]
            ]
          }, {
            "db": 0,
            "id": "5-CAGGAGTTYRAGACC",
            "alt": "STREME-5",
            "width": 15,
            "initial_width": 15,
            "seed": "CAGGAGTTTGAGACC",
            "score_threshold": 14.1959,
            "train_pos_count": 930,
            "train_neg_count": 37,
            "train_log_pvalue": -224.258,
            "train_pvalue": "5.5e-225",
            "train_dtc": -1.0,
            "train_bernoulli": 0.499758,
            "test_pos_count": 109,
            "test_neg_count": 6,
            "test_log_pvalue": -24.9219,
            "test_pvalue": "1.2e-025",
            "test_dtc": -1.0,
            "test_bernoulli": 0.499758,
            "elapsed_time": 4108.6,
            "len": 15,
            "nsites": 1039,
            "evalue": "1.2e-025",
            "pwm": [
              [0.0146512, 0.878983, 0.00953436, 0.0968315], 
              [0.914839, 0.0102899, 0.0592546, 0.0156165], 
              [0.071258, 0.00687381, 0.912718, 0.00915025], 
              [0.0419804, 0.00614179, 0.939311, 0.0125664], 
              [0.96116, 0.00801252, 0.0148448, 0.0159825], 
              [0.0672246, 0.00231896, 0.928138, 0.00231797], 
              [0.0524213, 0.0273706, 0.0130406, 0.907167], 
              [4.05493e-05, 0.017595, 0.00915124, 0.973213], 
              [0.0287286, 0.586361, 0.0504246, 0.334486], 
              [0.381758, 0.0353416, 0.571473, 0.0114277], 
              [0.983462, 0.00687381, 0.00620791, 0.00345669], 
              [0.0376195, 0.0130402, 0.939051, 0.010289], 
              [0.898531, 0.0102899, 0.0717804, 0.0193987], 
              [0.0232876, 0.889615, 0.00962404, 0.077473], 
              [0.0253125, 0.863204, 0.00915124, 0.102332]
            ]
          }, {
            "db": 0,
            "id": "6-CTGGGAYTACAGGYR",
            "alt": "STREME-6",
            "width": 15,
            "initial_width": 14,
            "seed": "CTGGGATTACAGGCG",
            "score_threshold": 15.0323,
            "train_pos_count": 925,
            "train_neg_count": 29,
            "train_log_pvalue": -232.103,
            "train_pvalue": "7.9e-233",
            "train_dtc": -1.0,
            "train_bernoulli": 0.499758,
            "test_pos_count": 103,
            "test_neg_count": 6,
            "test_log_pvalue": -23.2701,
            "test_pvalue": "5.4e-024",
            "test_dtc": -1.0,
            "test_bernoulli": 0.499758,
            "elapsed_time": 3327.2,
            "len": 15,
            "nsites": 1028,
            "evalue": "5.4e-024",
            "pwm": [
              [0.00492014, 0.90988, 0.0122012, 0.0729987], 
              [0.00556659, 0.0110948, 0.00225121, 0.981087], 
              [0.12583, 0.00225121, 0.870774, 0.00114481], 
              [0.0909589, 0.0177274, 0.875798, 0.0155156], 
              [0.0601924, 0.00556755, 0.920935, 0.0133047], 
              [0.979064, 0.00335666, 0.0148701, 0.00270925], 
              [0.00556659, 0.33933, 0.00556755, 0.649536], 
              [0.0110938, 0.0900404, 0.0144111, 0.884455], 
              [0.965152, 0.00888388, 0.0248191, 0.00114481], 
              [0.00335609, 0.857924, 0.0122002, 0.12652], 
              [0.977771, 0.00335666, 0.0144111, 0.00446115], 
              [0.0453626, 0.00225121, 0.944609, 0.00777748], 
              [0.0690363, 0.00998933, 0.914949, 0.00602559], 
              [0.0341207, 0.629658, 0.0155169, 0.320704], 
              [0.469243, 0.0210438, 0.479368, 0.0303454]
            ]
          }, {
            "db": 0,
            "id": "7-RGGAGGATYRCTTGA",
            "alt": "STREME-7",
            "width": 15,
            "initial_width": 15,
            "seed": "GGGAGGATCACTTGA",
            "score_threshold": 13.6358,
            "train_pos_count": 1104,
            "train_neg_count": 92,
            "train_log_pvalue": -220.743,
            "train_pvalue": "1.8e-221",
            "train_dtc": -1.0,
            "train_bernoulli": 0.499758,
            "test_pos_count": 137,
            "test_neg_count": 19,
            "test_log_pvalue": -22.5528,
            "test_pvalue": "2.8e-023",
            "test_dtc": -1.0,
            "test_bernoulli": 0.499758,
            "elapsed_time": 5142.1,
            "len": 15,
            "nsites": 1241,
            "evalue": "2.8e-023",
            "pwm": [
              [0.340563, 0.00762753, 0.634692, 0.0171182], 
              [0.0402907, 3.46187e-05, 0.959641, 3.37977e-05], 
              [0.0587179, 0.00781053, 0.927743, 0.00572848], 
              [0.761043, 0.0976332, 0.0137163, 0.127608], 
              [0.14138, 0.0057293, 0.845264, 0.00762671], 
              [0.182748, 0.00667842, 0.804846, 0.00572848], 
              [0.966284, 3.46187e-05, 0.0222583, 0.0114232], 
              [0.0114232, 0.0545282, 0.00383107, 0.930218], 
              [0.0332528, 0.592799, 0.0490835, 0.324865], 
              [0.432537, 0.0389486, 0.492576, 0.0359392], 
              [0.0104741, 0.900401, 0.011424, 0.077701], 
              [0.018067, 0.141776, 0.0123731, 0.827784], 
              [0.00288114, 0.0175128, 0.0238519, 0.955754], 
              [0.0450366, 0.0218642, 0.927371, 0.00572848], 
              [0.971584, 0.000983733, 0.0254998, 0.00193203]
            ]
          }, {
            "db": 0,
            "id": "8-RCCTCRGCCTCCC",
            "alt": "STREME-8",
            "width": 13,
            "initial_width": 13,
            "seed": "ACCTCAGCCTCCC",
            "score_threshold": 13.6131,
            "train_pos_count": 1541,
            "train_neg_count": 277,
            "train_log_pvalue": -212.082,
            "train_pvalue": "8.3e-213",
            "train_dtc": -1.0,
            "train_bernoulli": 0.499758,
            "test_pos_count": 171,
            "test_neg_count": 41,
            "test_log_pvalue": -19.3844,
            "test_pvalue": "4.1e-020",
            "test_dtc": -1.0,
            "test_bernoulli": 0.499758,
            "elapsed_time": 6303.1,
            "len": 13,
            "nsites": 1712,
            "evalue": "4.1e-020",
            "pwm": [
              [0.442134, 0.0192383, 0.538597, 3.05975e-05], 
              [0.0100049, 0.961179, 3.13407e-05, 0.0287844], 
              [3.05975e-05, 0.95345, 0.00640282, 0.0401161], 
              [3.05975e-05, 0.0241393, 0.0775053, 0.898325], 
              [3.05975e-05, 0.858038, 3.13407e-05, 0.1419], 
              [0.488225, 0.138116, 0.292336, 0.0813229], 
              [0.149772, 3.13407e-05, 0.843605, 0.00659148], 
              [0.00944462, 0.925448, 0.0181566, 0.0469506], 
              [3.05975e-05, 0.937438, 0.00468433, 0.0578472], 
              [0.00518606, 3.13407e-05, 0.00390597, 0.990877], 
              [0.00432682, 0.976852, 3.13407e-05, 0.0187899], 
              [3.05975e-05, 0.942345, 0.0185615, 0.039063], 
              [0.0111828, 0.728866, 0.0307018, 0.229249]
            ]
          }, {
            "db": 0,
            "id": "9-GYRAGACYCYGT",
            "alt": "STREME-9",
            "width": 12,
            "initial_width": 9,
            "seed": "GCAAGACCCTGT",
            "score_threshold": 12.5006,
            "train_pos_count": 757,
            "train_neg_count": 238,
            "train_log_pvalue": -63.2825,
            "train_pvalue": "5.2e-064",
            "train_dtc": -1.0,
            "train_bernoulli": 0.499758,
            "test_pos_count": 93,
            "test_neg_count": 21,
            "test_log_pvalue": -11.4368,
            "test_pvalue": "3.7e-012",
            "test_dtc": -1.0,
            "test_bernoulli": 0.499758,
            "elapsed_time": 12462.4,
            "len": 12,
            "nsites": 850,
            "evalue": "3.7e-012",
            "pwm": [
              [0.0470266, 6.9223e-05, 0.934967, 0.017937], 
              [6.75813e-05, 0.623517, 0.0282127, 0.348203], 
              [0.535984, 6.9223e-05, 0.463879, 6.75813e-05], 
              [0.983645, 0.00196706, 0.00196706, 0.0124206], 
              [0.137033, 6.9223e-05, 0.857136, 0.00576224], 
              [0.999794, 6.9223e-05, 6.9223e-05, 6.75813e-05], 
              [6.75813e-05, 0.970859, 6.9223e-05, 0.0290044], 
              [0.0627952, 0.468839, 0.0377047, 0.430661], 
              [0.0249174, 0.879331, 0.0297363, 0.066015], 
              [0.0259449, 0.388886, 0.0162792, 0.56889], 
              [0.300144, 6.9223e-05, 0.699719, 6.75813e-05], 
              [0.0496736, 0.0827691, 6.9223e-05, 0.867488]
            ]
          }, {
            "db": 0,
            "id": "10-GYRACAGAGYRAGAC",
            "alt": "STREME-10",
            "width": 15,
            "initial_width": 14,
            "seed": "GTGACAGAGTGAGAC",
            "score_threshold": 13.3677,
            "train_pos_count": 974,
            "train_neg_count": 150,
            "train_log_pvalue": -148.141,
            "train_pvalue": "7.2e-149",
            "train_dtc": -1.0,
            "train_bernoulli": 0.499758,
            "test_pos_count": 87,
            "test_neg_count": 19,
            "test_log_pvalue": -11.007,
            "test_pvalue": "9.8e-012",
            "test_dtc": -1.0,
            "test_bernoulli": 0.499758,
            "elapsed_time": 9454.9,
            "len": 15,
            "nsites": 1061,
            "evalue": "9.8e-012",
            "pwm": [
              [0.0892061, 0.0083656, 0.894672, 0.00775596], 
              [0.0805951, 0.531556, 0.0429728, 0.344876], 
              [0.490701, 0.0165167, 0.470885, 0.0218971], 
              [0.968835, 3.79685e-05, 0.0310901, 3.70681e-05], 
              [0.0260609, 0.90495, 0.0171254, 0.0518636], 
              [0.978636, 0.00107892, 0.0125294, 0.00775596], 
              [0.0972784, 0.135265, 0.630136, 0.13732], 
              [0.89483, 0.00628369, 0.0811535, 0.0177333], 
              [0.0500029, 0.0135704, 0.92867, 0.00775645], 
              [0.05518, 0.438661, 0.0783656, 0.427794], 
              [0.366226, 0.026494, 0.585383, 0.0218971], 
              [0.978636, 0.00316083, 0.0160845, 0.00211898], 
              [0.0963347, 0.0238034, 0.876702, 0.00315993], 
              [0.940351, 0.00107892, 0.052287, 0.00628279], 
              [0.0380413, 0.863602, 0.0150435, 0.0833134]
            ]
          }, {
            "db": 0,
            "id": "11-GCAGTGAGCCRWGAT",
            "alt": "STREME-11",
            "width": 15,
            "initial_width": 14,
            "seed": "GCAGTGAGCCAAGAT",
            "score_threshold": 15.6474,
            "train_pos_count": 511,
            "train_neg_count": 22,
            "train_log_pvalue": -121.797,
            "train_pvalue": "1.6e-122",
            "train_dtc": -1.0,
            "train_bernoulli": 0.499758,
            "test_pos_count": 45,
            "test_neg_count": 2,
            "test_log_pvalue": -11.0024,
            "test_pvalue": "9.9e-012",
            "test_dtc": -1.0,
            "test_bernoulli": 0.499758,
            "elapsed_time": 7856.9,
            "len": 15,
            "nsites": 556,
            "evalue": "9.9e-012",
            "pwm": [
              [0.0738557, 0.0148493, 0.886635, 0.0246601], 
              [0.0113339, 0.898934, 0.0106059, 0.079126], 
              [0.929829, 0.00957843, 0.0429608, 0.0176322], 
              [0.0507166, 0.0141198, 0.917531, 0.0176322], 
              [0.00709043, 0.0229046, 0.0188266, 0.951178], 
              [0.0316886, 0.0106059, 0.945344, 0.0123613], 
              [0.959399, 0.00884891, 0.0299325, 0.00181953], 
              [0.0562855, 0.0176337, 0.922504, 0.0035765], 
              [0.0141183, 0.922504, 0.0158768, 0.0475006], 
              [0.0352019, 0.649445, 0.0193907, 0.295963], 
              [0.479581, 0.0193907, 0.495695, 0.00533346], 
              [0.594248, 0.0369604, 0.0387173, 0.330075], 
              [0.0334449, 0.0117981, 0.952937, 0.00181953], 
              [0.904933, 0.0158768, 0.0510161, 0.028174], 
              [0.00709043, 0.052773, 0.0211477, 0.918989]
            ]
          }, {
            "db": 0,
            "id": "12-TACAGGCRTGA",
            "alt": "STREME-12",
            "width": 11,
            "initial_width": 11,
            "seed": "TACAGGCGTGA",
            "score_threshold": 14.6387,
            "train_pos_count": 467,
            "train_neg_count": 44,
            "train_log_pvalue": -89.9636,
            "train_pvalue": "1.1e-090",
            "train_dtc": -1.0,
            "train_bernoulli": 0.499758,
            "test_pos_count": 62,
            "test_neg_count": 9,
            "test_log_pvalue": -10.3372,
            "test_pvalue": "4.6e-011",
            "test_dtc": -1.0,
            "test_bernoulli": 0.499758,
            "elapsed_time": 10843.7,
            "len": 11,
            "nsites": 529,
            "evalue": "4.6e-011",
            "pwm": [
              [9.41285e-05, 9.6415e-05, 9.6415e-05, 0.999713], 
              [0.983342, 9.6415e-05, 0.00853766, 0.00802414], 
              [9.41285e-05, 0.838176, 0.00853766, 0.153192], 
              [0.937819, 9.6415e-05, 0.0514173, 0.0106675], 
              [9.41285e-05, 9.6415e-05, 0.999715, 9.41285e-05], 
              [0.00532518, 9.6415e-05, 0.994484, 9.41285e-05], 
              [0.0303754, 0.791516, 9.6415e-05, 0.178012], 
              [0.367556, 9.6415e-05, 0.619816, 0.0125318], 
              [9.41285e-05, 0.0347062, 9.6415e-05, 0.965103], 
              [0.0448607, 9.6415e-05, 0.954949, 9.41285e-05], 
              [0.99052, 9.6415e-05, 0.0092895, 9.41285e-05]
            ]
          }, {
            "db": 0,
            "id": "13-GATGASGAMR",
            "alt": "STREME-13",
            "width": 10,
            "initial_width": 9,
            "seed": "GATGAGGAAA",
            "score_threshold": 8.32092,
            "train_pos_count": 10902,
            "train_neg_count": 8301,
            "train_log_pvalue": -78.8698,
            "train_pvalue": "1.3e-079",
            "train_dtc": -1.0,
            "train_bernoulli": 0.499758,
            "test_pos_count": 1210,
            "test_neg_count": 916,
            "test_log_pvalue": -9.48103,
            "test_pvalue": "3.3e-010",
            "test_dtc": -1.0,
            "test_bernoulli": 0.499758,
            "elapsed_time": 11707.8,
            "len": 10,
            "nsites": 12112,
            "evalue": "3.3e-010",
            "pwm": [
              [0.0761015, 0.0115201, 0.912056, 0.000322665], 
              [0.854693, 0.000741831, 0.108243, 0.0363224], 
              [0.124274, 0.233066, 0.0932193, 0.54944], 
              [0.0713867, 0.00188996, 0.92458, 0.00214369], 
              [0.846912, 0.0310258, 0.113559, 0.00850286], 
              [0.16042, 0.350366, 0.314994, 0.174221], 
              [0.0426781, 0.00560258, 0.887397, 0.064322], 
              [0.906303, 0.00558721, 0.00792988, 0.0801803], 
              [0.439594, 0.310657, 0.0487205, 0.201028], 
              [0.424794, 0.0466631, 0.49722, 0.031323]
            ]
          }, {
            "db": 0,
            "id": "14-ACCRYGCCYGGC",
            "alt": "STREME-14",
            "width": 12,
            "initial_width": 12,
            "seed": "ACCATGCCTGGC",
            "score_threshold": 11.2267,
            "train_pos_count": 1182,
            "train_neg_count": 531,
            "train_log_pvalue": -56.6655,
            "train_pvalue": "2.2e-057",
            "train_dtc": -1.0,
            "train_bernoulli": 0.499758,
            "test_pos_count": 154,
            "test_neg_count": 64,
            "test_log_pvalue": -9.14062,
            "test_pvalue": "7.2e-010",
            "test_dtc": -1.0,
            "test_bernoulli": 0.499758,
            "elapsed_time": 20564.0,
            "len": 12,
            "nsites": 1336,
            "evalue": "7.2e-010",
            "pwm": [
              [0.955352, 8.55084e-05, 0.0444785, 8.34805e-05], 
              [0.00477212, 0.967427, 0.00711928, 0.0206814], 
              [0.0968933, 0.676167, 0.0385694, 0.18837], 
              [0.645329, 0.00574862, 0.335524, 0.0133978], 
              [0.0351574, 0.378361, 0.0283727, 0.558109], 
              [0.112496, 8.55084e-05, 0.859666, 0.0277522], 
              [0.0218854, 0.908013, 0.00243064, 0.0676712], 
              [0.00756926, 0.950008, 0.0155768, 0.0268455], 
              [0.0379241, 0.422451, 0.0370271, 0.502598], 
              [0.125427, 8.55084e-05, 0.874297, 0.000191048], 
              [0.0338773, 0.0144272, 0.951612, 8.34805e-05], 
              [8.34805e-05, 0.998479, 8.55084e-05, 0.00135164]
            ]
          }, {
            "db": 0,
            "id": "15-ACTTACCT",
            "alt": "STREME-15",
            "width": 8,
            "initial_width": 8,
            "seed": "ACTTACCT",
            "score_threshold": 9.51746,
            "train_pos_count": 5713,
            "train_neg_count": 3720,
            "train_log_pvalue": -94.1188,
            "train_pvalue": "7.6e-095",
            "train_dtc": -1.0,
            "train_bernoulli": 0.499758,
            "test_pos_count": 624,
            "test_neg_count": 425,
            "test_log_pvalue": -9.02536,
            "test_pvalue": "9.4e-010",
            "test_dtc": -1.0,
            "test_bernoulli": 0.499758,
            "elapsed_time": 10155.7,
            "len": 8,
            "nsites": 6337,
            "evalue": "9.4e-010",
            "pwm": [
              [0.813517, 0.0407412, 0.0278362, 0.117905], 
              [0.018595, 0.953025, 0.00980239, 0.0185771], 
              [0.0468215, 0.0433021, 0.0107322, 0.899144], 
              [0.00893914, 0.0573795, 0.00658326, 0.927098], 
              [0.992382, 8.40563e-05, 0.00745147, 8.20628e-05], 
              [0.000612388, 0.99015, 0.00515349, 0.00408461], 
              [0.0125406, 0.92385, 0.0259832, 0.037626], 
              [0.17043, 0.0385937, 0.0716959, 0.71928]
            ]
          }, {
            "db": 0,
            "id": "16-GCACTCCAGCCTGGG",
            "alt": "STREME-16",
            "width": 15,
            "initial_width": 11,
            "seed": "GCACTCCAGCCTGGG",
            "score_threshold": 14.6831,
            "train_pos_count": 507,
            "train_neg_count": 50,
            "train_log_pvalue": -95.9099,
            "train_pvalue": "1.2e-096",
            "train_dtc": -1.0,
            "train_bernoulli": 0.499758,
            "test_pos_count": 57,
            "test_neg_count": 10,
            "test_log_pvalue": -8.59191,
            "test_pvalue": "2.6e-009",
            "test_dtc": -1.0,
            "test_bernoulli": 0.499758,
            "elapsed_time": 8631.6,
            "len": 15,
            "nsites": 564,
            "evalue": "2.6e-009",
            "pwm": [
              [0.0636481, 0.0106864, 0.906844, 0.0188212], 
              [0.0260656, 0.877101, 0.012574, 0.0842592], 
              [0.96436, 0.0209086, 0.010491, 0.00424018], 
              [0.0104892, 0.860568, 0.0134389, 0.115504], 
              [0.0104892, 0.00840799, 0.018823, 0.96228], 
              [0.0301011, 0.881398, 0.04885, 0.0396513], 
              [0.00424018, 0.891459, 7.5977e-05, 0.104224], 
              [0.945614, 0.00424198, 0.0292388, 0.0209049], 
              [0.072024, 0.00773846, 0.879721, 0.0405161], 
              [0.0188212, 0.864733, 0.0384349, 0.0780112], 
              [0.0209049, 0.937285, 0.01674, 0.0250702], 
              [0.00328491, 0.0426009, 0.00840799, 0.945706], 
              [0.0896433, 0.014657, 0.88018, 0.0155201], 
              [0.0792283, 0.018823, 0.884346, 0.0176031], 
              [0.0872091, 0.0952246, 0.773748, 0.043818]
            ]
          }, {
            "db": 0,
            "id": "17-AACTCCTGGGCTCAA",
            "alt": "STREME-17",
            "width": 15,
            "initial_width": 15,
            "seed": "AACTCCTGGGCTCAA",
            "score_threshold": 15.5165,
            "train_pos_count": 234,
            "train_neg_count": 30,
            "train_log_pvalue": -39.9817,
            "train_pvalue": "1.0e-040",
            "train_dtc": -1.0,
            "train_bernoulli": 0.499758,
            "test_pos_count": 24,
            "test_neg_count": 1,
            "test_log_pvalue": -6.06082,
            "test_pvalue": "8.7e-007",
            "test_dtc": -1.0,
            "test_bernoulli": 0.499758,
            "elapsed_time": 17628.6,
            "len": 15,
            "nsites": 258,
            "evalue": "8.7e-007",
            "pwm": [
              [0.853287, 0.0517732, 0.0947868, 0.00015317], 
              [0.732847, 0.232432, 0.0216637, 0.0130573], 
              [0.00015317, 0.848989, 0.013061, 0.137797], 
              [0.02166, 0.000156891, 0.000156891, 0.978026], 
              [0.02166, 0.926414, 0.0216637, 0.0302627], 
              [0.0173586, 0.956523, 0.000156891, 0.0259613], 
              [0.0130573, 0.0578606, 0.000156891, 0.928925], 
              [0.0621582, 0.000156891, 0.928929, 0.00875589], 
              [0.223824, 0.00445825, 0.758661, 0.0130573], 
              [0.0510428, 0.304171, 0.627428, 0.0173586], 
              [0.00193915, 0.761176, 0.0173623, 0.219523], 
              [0.00015317, 0.0216637, 0.000156891, 0.978026], 
              [0.0259613, 0.930713, 0.0130625, 0.0302627], 
              [0.891999, 0.0302664, 0.0646773, 0.0130573], 
              [0.785848, 0.0216637, 0.136418, 0.0560709]
            ]
          }, {
            "db": 0,
            "id": "18-AGTAGCTGGGACTA",
            "alt": "STREME-18",
            "width": 14,
            "initial_width": 11,
            "seed": "AGTAGCTGGGATTA",
            "score_threshold": 17.9833,
            "train_pos_count": 144,
            "train_neg_count": 7,
            "train_log_pvalue": -33.9782,
            "train_pvalue": "1.1e-034",
            "train_dtc": -1.0,
            "train_bernoulli": 0.499758,
            "test_pos_count": 18,
            "test_neg_count": 0,
            "test_log_pvalue": -5.38118,
            "test_pvalue": "4.2e-006",
            "test_dtc": -1.0,
            "test_bernoulli": 0.499758,
            "elapsed_time": 19150.3,
            "len": 14,
            "nsites": 162,
            "evalue": "4.2e-006",
            "pwm": [
              [0.959088, 0.00025786, 0.0333333, 0.0073213], 
              [0.0780169, 0.0426752, 0.864917, 0.0143909], 
              [0.000251745, 0.0262638, 0.00319323, 0.970291], 
              [0.999233, 0.00025786, 0.00025786, 0.000251745], 
              [0.000251745, 0.00732742, 0.992169, 0.000251745], 
              [0.000251745, 0.921474, 0.00025786, 0.0780169], 
              [0.000251745, 0.014397, 0.00025786, 0.985093], 
              [0.205269, 0.00025786, 0.794221, 0.000251745], 
              [0.14644, 0.00732742, 0.824772, 0.0214604], 
              [0.0426691, 0.0314715, 0.904399, 0.0214604], 
              [0.925602, 0.0102628, 0.0426752, 0.0214604], 
              [0.0214604, 0.756346, 0.00025786, 0.221935], 
              [0.02853, 0.223721, 0.014397, 0.733352], 
              [0.956813, 0.00732742, 0.00732742, 0.0285324]
            ]
          }, {
            "db": 0,
            "id": "19-GCCTGGGCAACA",
            "alt": "STREME-19",
            "width": 12,
            "initial_width": 12,
            "seed": "GCCTGGGCAACA",
            "score_threshold": 15.918,
            "train_pos_count": 265,
            "train_neg_count": 29,
            "train_log_pvalue": -48.4881,
            "train_pvalue": "3.3e-049",
            "train_dtc": -1.0,
            "train_bernoulli": 0.499758,
            "test_pos_count": 31,
            "test_neg_count": 5,
            "test_log_pvalue": -5.13953,
            "test_pvalue": "7.3e-006",
            "test_dtc": -1.0,
            "test_bernoulli": 0.499758,
            "elapsed_time": 14750.2,
            "len": 12,
            "nsites": 296,
            "evalue": "7.3e-006",
            "pwm": [
              [0.0845498, 0.000164016, 0.915126, 0.000160126], 
              [0.000160126, 0.999516, 0.000164016, 0.000160126], 
              [0.000160126, 0.950342, 0.0181508, 0.0313475], 
              [0.000160126, 0.0586249, 0.000164016, 0.941051], 
              [0.0805222, 0.000164016, 0.919154, 0.000160126], 
              [0.000160126, 0.000164016, 0.999516, 0.000160126], 
              [0.0372133, 0.21692, 0.725571, 0.0202956], 
              [0.000160126, 0.999516, 0.000164016, 0.000160126], 
              [0.852143, 0.000164016, 0.120553, 0.0271403], 
              [0.999512, 0.000164016, 0.000164016, 0.000160126], 
              [0.000160126, 0.838392, 0.000164016, 0.161284], 
              [0.768198, 0.0415066, 0.190135, 0.000160126]
            ]
          }, {
            "db": 0,
            "id": "20-AGCWGCWGCT",
            "alt": "STREME-20",
            "width": 10,
            "initial_width": 9,
            "seed": "AGCAGCAGCA",
            "score_threshold": 7.63748,
            "train_pos_count": 5409,
            "train_neg_count": 4648,
            "train_log_pvalue": -13.9232,
            "train_pvalue": "1.2e-014",
            "train_dtc": -1.0,
            "train_bernoulli": 0.499758,
            "test_pos_count": 622,
            "test_neg_count": 474,
            "test_log_pvalue": -5.08968,
            "test_pvalue": "8.1e-006",
            "test_dtc": -1.0,
            "test_bernoulli": 0.499758,
            "elapsed_time": 34551.3,
            "len": 10,
            "nsites": 6031,
            "evalue": "8.1e-006",
            "pwm": [
              [0.715029, 0.143332, 0.093267, 0.0483728], 
              [0.0539386, 0.000206753, 0.945653, 0.00020185], 
              [0.14983, 0.820008, 0.000206753, 0.0299547], 
              [0.544201, 0.0421455, 0.0954762, 0.318177], 
              [0.00020185, 0.000206753, 0.99939, 0.00020185], 
              [0.00020185, 0.99939, 0.000206753, 0.00020185], 
              [0.318177, 0.0954762, 0.0421455, 0.544201], 
              [0.0299547, 0.000206753, 0.820008, 0.14983], 
              [0.00020185, 0.945653, 0.000206753, 0.0539386], 
              [0.0483728, 0.093267, 0.143332, 0.715029]
            ]
          }, {
            "db": 0,
            "id": "21-ACACACRCACACAC",
            "alt": "STREME-21",
            "width": 14,
            "initial_width": 14,
            "seed": "ACACACACACACAC",
            "score_threshold": 14.8708,
            "train_pos_count": 2226,
            "train_neg_count": 1487,
            "train_log_pvalue": -33.7231,
            "train_pvalue": "1.9e-034",
            "train_dtc": -1.0,
            "train_bernoulli": 0.499758,
            "test_pos_count": 252,
            "test_neg_count": 167,
            "test_log_pvalue": -4.53428,
            "test_pvalue": "2.9e-005",
            "test_dtc": -1.0,
            "test_bernoulli": 0.499758,
            "elapsed_time": 18484.2,
            "len": 14,
            "nsites": 2478,
            "evalue": "2.9e-005",
            "pwm": [
              [0.999759, 8.1048e-05, 8.1048e-05, 7.91259e-05], 
              [0.0427962, 0.840676, 8.1048e-05, 0.116447], 
              [0.68001, 0.0238389, 0.226769, 0.0693822], 
              [0.00452319, 0.954982, 0.0404159, 7.91259e-05], 
              [0.74032, 8.1048e-05, 0.228322, 0.0312764], 
              [7.91259e-05, 0.687545, 8.1048e-05, 0.312295], 
              [0.597184, 8.1048e-05, 0.402656, 7.91259e-05], 
              [0.0288332, 0.746897, 0.0664477, 0.157822], 
              [0.663592, 0.0853584, 0.201325, 0.049724], 
              [7.91259e-05, 0.929327, 8.1048e-05, 0.0705128], 
              [0.753409, 8.1048e-05, 0.221605, 0.0249049], 
              [0.0203333, 0.943251, 0.0221109, 0.0143044], 
              [0.907099, 0.0211281, 0.0716937, 7.91259e-05], 
              [7.91259e-05, 0.999761, 8.1048e-05, 7.91259e-05]
            ]
          }, {
            "db": 0,
            "id": "22-CCRAGGCC",
            "alt": "STREME-22",
            "width": 8,
            "initial_width": 8,
            "seed": "CCAAGGCC",
            "score_threshold": 8.69639,
            "train_pos_count": 12333,
            "train_neg_count": 9991,
            "train_log_pvalue": -55.438,
            "train_pvalue": "3.6e-056",
            "train_dtc": -1.0,
            "train_bernoulli": 0.499758,
            "test_pos_count": 1363,
            "test_neg_count": 1159,
            "test_log_pvalue": -4.23171,
            "test_pvalue": "5.9e-005",
            "test_dtc": -1.0,
            "test_bernoulli": 0.499758,
            "elapsed_time": 13258.2,
            "len": 8,
            "nsites": 13696,
            "evalue": "5.9e-005",
            "pwm": [
              [0.0123366, 0.976296, 0.01126, 0.000107013], 
              [0.000107013, 0.999676, 0.000109613, 0.000107013], 
              [0.371508, 0.128546, 0.474582, 0.0253646], 
              [0.701951, 0.101837, 0.196106, 0.000107013], 
              [0.0125267, 0.0126728, 0.974693, 0.000107013], 
              [0.0863559, 0.00366862, 0.70494, 0.205035], 
              [0.0905467, 0.728388, 0.000109613, 0.180956], 
              [0.000107013, 0.974084, 0.00905544, 0.0167538]
            ]
          }, {
            "db": 0,
            "id": "23-CCACTGCACTCC",
            "alt": "STREME-23",
            "width": 12,
            "initial_width": 12,
            "seed": "CCACTGCACTCC",
            "score_threshold": 14.1747,
            "train_pos_count": 434,
            "train_neg_count": 92,
            "train_log_pvalue": -53.7586,
            "train_pvalue": "1.7e-054",
            "train_dtc": -1.0,
            "train_bernoulli": 0.499758,
            "test_pos_count": 43,
            "test_neg_count": 14,
            "test_log_pvalue": -4.05672,
            "test_pvalue": "8.8e-005",
            "test_dtc": -1.0,
            "test_bernoulli": 0.499758,
            "elapsed_time": 14002.5,
            "len": 12,
            "nsites": 477,
            "evalue": "8.8e-005",
            "pwm": [
              [0.0227831, 0.877245, 0.000131926, 0.0998396], 
              [0.0137934, 0.921871, 0.0252943, 0.0390408], 
