1.pdb ../domains/1jj2B  134   5.769   0.218   0.040
   -17.20392  0.70010 -0.69140  0.17840
   109.41034  0.60788  0.44602 -0.65693
  -310.94392  0.37463  0.56836  0.73255
1.pdb ../domains/1jj2C   99   6.240   0.168   0.019
  -167.44372 -0.55449  0.63298  0.54025
  -292.26553  0.82480  0.50434  0.25563
   167.49956 -0.11066  0.58734 -0.80174
1.pdb ../domains/1jj2A  119   6.121   0.204   0.020
  -164.04211 -0.07747  0.96724  0.24176
   380.21451 -0.99352 -0.09513  0.06223
  -207.33254  0.08319 -0.23537  0.96834
1.pdb ../domains/1jj2M   90   4.617   0.193   0.046
   421.45986 -0.10066 -0.94566 -0.30918
   135.27858 -0.91463 -0.03434  0.40282
   368.97815 -0.39155  0.32333 -0.86148
1.pdb ../domains/1jj2V   73   5.052   0.154   0.037
   406.08406 -0.09641 -0.34346 -0.93421
  -146.63531  0.96380  0.20219 -0.17380
   170.90229  0.24857 -0.91715  0.31153
1.pdb ../domains/1jj2Q   72   5.730   0.141   0.011
  -436.05788  0.63456  0.52097  0.57090
   177.82252  0.50943 -0.83743  0.19795
   156.32505  0.58122  0.16523 -0.79680
1.pdb ../domains/1jj2K   79   5.374   0.159   0.044
   379.71084 -0.63126 -0.77410  0.04779
    53.35541 -0.76229  0.63062  0.14572
   349.69580 -0.14294  0.05556 -0.98817
1.pdb ../domains/1jj2I   77   4.729   0.172   0.106
  -280.60725  0.44834  0.89179 -0.06081
   402.78396  0.24337 -0.18725 -0.95169
   337.88770 -0.86009  0.41188 -0.30099
1.pdb ../domains/1jj2X   84   5.407   0.171   0.046
   260.32536 -0.76843  0.39213 -0.50571
   480.01350 -0.35861 -0.91839 -0.16720
   -77.14277 -0.53001  0.05287  0.84634
1.pdb ../domains/1jj2D   84   5.838   0.168   0.052
   374.26504  0.02745 -0.98838 -0.14950
   352.71417 -0.27409  0.13638 -0.95199
   -52.66350  0.96131  0.06711 -0.26716
1.pdb ../domains/1jj2J   79   5.297   0.167   0.058
   148.35180 -0.38845  0.76630 -0.51174
  -232.81857 -0.07417  0.52755  0.84628
  -121.12062  0.91848  0.36670 -0.14809
1.pdb ../domains/1jj2S   74   5.011   0.165   0.045
  -425.18091  0.32316  0.53075  0.78350
   119.17069  0.19621  0.77236 -0.60412
   124.21934 -0.92578  0.34896  0.14546
1.pdb ../domains/1jj2N   64   5.241   0.140   0.030
   275.31806 -0.81647  0.33155 -0.47271
   426.39088 -0.29973 -0.94313 -0.14379
  -114.63122 -0.49350  0.02428  0.86941
1.pdb ../domains/1jj2P   72   4.839   0.168   0.048
   185.65336 -0.94131  0.33755 -0.00028
   138.30791  0.18923  0.52701 -0.82852
   519.68716 -0.27952 -0.77995 -0.55995
1.pdb ../domains/1jj2E2   65   4.269   0.165   0.036
   -57.51863 -0.38843 -0.28911  0.87495
   569.20949 -0.71261 -0.50774 -0.48413
   245.57962  0.58421 -0.81155 -0.00880
1.pdb ../domains/1jj22   59   4.107   0.148   0.027
   286.01034 -0.75160  0.49865 -0.43180
    -8.65039  0.65125  0.45706 -0.60578
   474.40962 -0.10471 -0.73651 -0.66827
1.pdb ../domains/1jj2O2   55   4.157   0.141   0.014
    20.82329  0.06123  0.90038 -0.43078
   -27.54104 -0.51781  0.39762  0.75748
  -304.17907  0.85330  0.17668  0.49057
1.pdb ../domains/1jj2W   51   4.354   0.126   0.049
   292.41431  0.17469  0.08028 -0.98134
  -201.85581  0.77037  0.60955  0.18700
   143.09319  0.61319 -0.78867  0.04464
1.pdb ../domains/1jj2R   44   3.512   0.123   0.065
   363.12948  0.10200 -0.96915 -0.22436
   203.55773  0.62679  0.23775 -0.74203
  -323.84097  0.77248 -0.06494  0.63171
1.pdb ../domains/1jj2E1   52   3.778   0.141   0.045
    76.96393 -0.91610  0.22838  0.32955
   511.85263 -0.34827 -0.86050 -0.37181
   -37.16071  0.19867 -0.45539  0.86784
1.pdb ../domains/1jj2U   25   2.262   0.080   0.069
    88.18849 -0.76931 -0.14698  0.62174
   482.32427  0.02453 -0.97925 -0.20115
  -278.66219  0.63841 -0.13950  0.75695
1.pdb ../domains/1jj2Z   33   3.541   0.094   0.060
   332.31073  0.31540 -0.18997 -0.92975
   443.29902 -0.33446 -0.93914  0.07843
   313.18238 -0.88807  0.28623 -0.35974
1.pdb ../domains/1jj2O1   37   3.718   0.103   0.064
  -347.18066  0.39810  0.10434  0.91139
   410.62757 -0.19453 -0.96131  0.19503
    17.71259  0.89648 -0.25493 -0.36241
1.pdb ../domains/1jj2T   31   2.498   0.099   0.062
   -76.08639  0.14463 -0.56147  0.81476
   462.17863  0.27395 -0.76850 -0.57823
  -180.57507  0.95081  0.30684  0.04266
1.pdb ../domains/1jj21   26   2.882   0.082   0.087
   269.75293 -0.59753  0.41093 -0.68855
  -193.66338 -0.05430  0.83599  0.54605
   -83.07311  0.80001  0.36367 -0.47721
1.pdb ../domains/1c9sM   45   4.009   0.120   0.029
   242.22971  0.01713 -0.99822 -0.05716
    66.11964  0.68733  0.05328 -0.72439
  -377.72965  0.72615 -0.02688  0.68701
1.pdb ../domains/1s72M   93   5.667   0.176   0.053
   139.67530 -0.22413 -0.76721  0.60096
   117.73361  0.84653 -0.45879 -0.27001
  -435.17779  0.48287  0.44821  0.75229
1.pdb ../domains/1s72H   78   5.099   0.160   0.021
   452.80824 -0.50786  0.01634 -0.86128
  -165.83899 -0.18509  0.97440  0.12762
    24.20974  0.84132  0.22423 -0.49184
1.pdb ../domains/1s72F   65   4.786   0.150   0.048
    39.15863  0.53209 -0.73950  0.41234
  -339.60336  0.42867  0.65525  0.62200
    -1.36182 -0.73016 -0.15420  0.66565
1.pdb ../domains/1s72Z   45   3.604   0.124   0.051
   575.00672 -0.34193 -0.62795 -0.69911
   157.25840  0.30690  0.62854 -0.71466
   -22.60528  0.88820 -0.45892 -0.02220
1.pdb ../domains/1aq3A   79   4.139   0.191   0.058
  -409.55288  0.24347  0.32050  0.91542
   319.16675 -0.69359 -0.60221  0.39531
    24.03971  0.67798 -0.73118  0.07567
1.pdb ../domains/1s72I   49   4.623   0.120   0.048
    21.12211 -0.51399 -0.32850  0.79240
   -63.06826 -0.44060  0.89370  0.08470
   630.43858 -0.73599 -0.30560 -0.60409
1.pdb ../domains/1urnA   67   4.685   0.162   0.012
   393.16847 -0.79642 -0.59201 -0.12349
   108.55969  0.60358 -0.79081 -0.10153
  -228.27002 -0.03755 -0.15539  0.98714
1.pdb ../domains/1tfwC1  132   6.020   0.228   0.030
   278.49989 -0.61398 -0.70206  0.36073
  -273.40013 -0.34802  0.65098  0.67461
   391.95346 -0.70845  0.28866 -0.64402
1.pdb ../domains/1tfwD2   98   5.712   0.188   0.033
   509.33267 -0.12772 -0.79145 -0.59774
   212.92728 -0.74919  0.47192 -0.46477
    -4.63620  0.64992  0.38846 -0.65322
1.pdb ../domains/1fjgO   49   4.929   0.115   0.041
  -225.83694  0.80237  0.58871  0.09806
   -35.99993  0.40173 -0.65425  0.64076
   182.37543  0.44137 -0.47473 -0.76146
1.pdb ../domains/1n78A1  148   7.236   0.200   0.031
   216.56713 -0.97404  0.22605  0.01198
  -134.07844  0.21883  0.95383 -0.20570
   417.15471 -0.05792 -0.19774 -0.97854
1.pdb ../domains/1euyA1  142   6.575   0.214   0.039
   134.91981  0.25539  0.46655 -0.84682
  -278.76084  0.96008 -0.01897  0.27909
   336.71989  0.11414 -0.88429 -0.45277
1.pdb ../domains/1o0bA2  135   6.713   0.210   0.050
    89.04262  0.25491 -0.90524  0.33995
   440.96385 -0.72759 -0.41113 -0.54917
   127.46406  0.63690 -0.10735 -0.76344
1.pdb ../domains/1fjgF   57   4.026   0.149   0.081
   -60.83315 -0.02185 -0.24253  0.96990
  -253.80537  0.79373  0.58565  0.16433
  -186.47513 -0.60787  0.77343  0.17971
1.pdb ../domains/1yykA2   44   3.922   0.119   0.019
   -22.11554  0.89387 -0.42726 -0.13583
   420.61848 -0.22740 -0.17096 -0.95868
  -158.26334  0.38638  0.88782 -0.24997
1.pdb ../domains/2jluA  171   7.220   0.221   0.034
  -302.18795  0.91761  0.39033  0.07513
  -125.34670  0.20203 -0.62076  0.75752
   292.13992  0.34232 -0.67993 -0.64847
1.pdb ../domains/1jj2L   96   5.795   0.181   0.045
   119.64224 -0.10352 -0.79637  0.59589
    96.41072  0.88243 -0.34996 -0.31441
  -436.74209  0.45892  0.49328  0.73896
1.pdb ../domains/1jj2H   89   4.873   0.191   0.050
   483.21731 -0.12925 -0.69911 -0.70323
   177.78564 -0.74631 -0.39838  0.53321
   293.02621 -0.65292  0.59375 -0.47027
1.pdb ../domains/2quxA   86   4.801   0.194   0.054
   149.70293 -0.94486 -0.08997  0.31486
   399.91220 -0.11058 -0.81739 -0.56538
  -116.83773  0.30823 -0.56902  0.76237
1.pdb ../domains/1jj2F   64   4.923   0.146   0.051
   114.08769  0.54106 -0.81172  0.21992
  -337.21508  0.62062  0.56186  0.54695
   -80.07670 -0.56753 -0.15944  0.80776
1.pdb ../domains/1jj2Y   48   4.120   0.127   0.033
   580.98731 -0.41921 -0.59383 -0.68675
   161.91458  0.30932  0.61775 -0.72298
    14.88765  0.85357 -0.51551 -0.07528
1.pdb ../domains/1dulA   43   4.287   0.112   0.034
  -262.08293  0.32551  0.94524 -0.02365
   169.60384  0.61883 -0.23188 -0.75052
   314.32067 -0.71491  0.22967 -0.66042
1.pdb ../domains/1fjgB  121   6.178   0.206   0.052
   405.26874 -0.71684  0.43549 -0.54451
   450.63587 -0.59510 -0.78908  0.15235
  -288.69128 -0.36331  0.43324  0.82481
1.pdb ../domains/1fjgD  113   5.698   0.212   0.024
   136.55706 -0.80240  0.55066  0.23007
   531.34177 -0.59666 -0.74832 -0.28987
  -169.56563  0.01255 -0.36986  0.92900
1.pdb ../domains/1fjgG   99   4.805   0.214   0.050
   -94.15169  0.41665  0.90893  0.01579
   447.73290 -0.58017  0.27925 -0.76513
  -137.45288 -0.69986  0.30963  0.64368
1.pdb ../domains/2j00E   80   4.615   0.179   0.041
    58.18415  0.67075 -0.67482 -0.30777
  -380.36347  0.61173  0.26870  0.74404
   149.50724 -0.41939 -0.68733  0.59303
1.pdb ../domains/1fjgH   71   4.922   0.154   0.045
  -261.80006  0.19092  0.89372  0.40597
   185.60402 -0.84939 -0.05689  0.52468
  -267.80182  0.49202 -0.44500  0.74826
1.pdb ../domains/1fjgI   78   5.192   0.167   0.048
   652.10194 -0.31072 -0.84885 -0.42767
   307.12581 -0.92181  0.37883 -0.08217
   122.64034  0.23176  0.36870 -0.90019
1.pdb ../domains/1fjgL   79   5.005   0.172   0.041
   274.18562  0.18444 -0.93703  0.29658
   234.59252  0.56500 -0.14583 -0.81210
  -409.62954  0.80421  0.31735  0.50252
1.pdb ../domains/1fjgM   88   5.258   0.188   0.028
   403.53409 -0.76407  0.56695 -0.30785
   -83.11377 -0.37491 -0.00187  0.92706
  -390.82293  0.52502  0.82375  0.21398
1.pdb ../domains/1fjgK   74   5.006   0.163   0.030
   248.63534 -0.53064  0.77950 -0.33287
  -310.41780  0.71939  0.62186  0.30946
   123.68705  0.44823 -0.07525 -0.89075
1.pdb ../domains/1fjgC1   73   4.194   0.178   0.051
  -223.78785  0.33813  0.29135  0.89486
   305.23192 -0.82394 -0.36782  0.43109
    91.95274  0.45475 -0.88308  0.11568
1.pdb ../domains/1fjgQ   54   5.143   0.122   0.057
    50.37739 -0.16428  0.92869 -0.33248
   279.18389 -0.96881 -0.08850  0.23148
  -450.19774  0.18554  0.36013  0.91426
1.pdb ../domains/2uuaC2   63   4.397   0.152   0.065
   374.99314  0.16524  0.27767 -0.94636
   200.87993  0.65046 -0.75196 -0.10706
   439.62257 -0.74135 -0.59788 -0.30487
1.pdb ../domains/1fjgT   61   4.974   0.142   0.067
   270.04719 -0.96898  0.24714  0.00153
  -251.57204  0.24697  0.96852 -0.03133
   291.69586 -0.00923 -0.02998 -0.99951
1.pdb ../domains/2j00J   46   4.494   0.114   0.029
  -492.09021  0.81180  0.48060  0.33166
   176.68583  0.40892 -0.87335  0.26464
   169.03744  0.41685 -0.07922 -0.90552
1.pdb ../domains/1fjgS   52   4.240   0.131   0.026
   542.48252  0.28727 -0.31001 -0.90630
   329.30719 -0.25879 -0.93611  0.23818
   318.27711 -0.92223  0.16612 -0.34914
1.pdb ../domains/2j00P   52   3.598   0.138   0.060
  -241.51336 -0.03715 -0.21356  0.97622
  -315.67554  0.95221  0.28882  0.09942
  -114.16421 -0.30319  0.93326  0.19262
1.pdb ../domains/1fjgR   53   4.808   0.126   0.043
   638.83926 -0.43035 -0.41011 -0.80412
   207.30539 -0.66979 -0.45211  0.58904
   -82.84617 -0.60512  0.79209 -0.08012
1.pdb ../domains/1fjgN   41   4.250   0.108   0.062
   173.27836  0.88302 -0.43389 -0.17892
   104.40997  0.23142  0.73418 -0.63829
  -429.38517  0.40831  0.52222  0.74871
1.pdb ../domains/1h38A2  186   7.943   0.199   0.030
    55.51616  0.68594 -0.70785 -0.16863
   423.23535 -0.41417 -0.18926 -0.89031
  -175.34808  0.59829  0.68053 -0.42299
1.pdb ../domains/1m8yB  144   6.875   0.209   0.026
  -163.16890  0.04590  0.98472 -0.16798
   -52.67713  0.90005 -0.11372 -0.42069
   443.32687 -0.43336 -0.13188 -0.89152
1.pdb ../domains/1wpuA   82   4.613   0.187   0.054
    32.96943  0.86224 -0.37272 -0.34295
  -430.28202  0.45172  0.25962  0.85355
   140.03552 -0.22910 -0.89088  0.39223
1.pdb ../domains/1cvjH   78   5.162   0.170   0.038
   408.13627 -0.65484 -0.09930 -0.74921
   326.51399  0.10961 -0.99333  0.03586
   -36.78218 -0.74778 -0.05864  0.66136
1.pdb ../domains/2vodB1   56   4.784   0.131   0.027
  -281.07213 -0.24210  0.14559  0.95927
  -375.75746  0.58457  0.81097  0.02445
   120.90512 -0.77438  0.56668 -0.28145
1.pdb ../domains/2o5iM  188   7.572   0.158   0.065
   413.67184 -0.79576 -0.02306 -0.60517
   -34.62352 -0.59012 -0.19510  0.78339
  -175.05079 -0.13613  0.98051  0.14164
1.pdb ../domains/1wneA  206   7.352   0.259   0.021
  -110.67759  0.64725  0.56517 -0.51152
   208.54207  0.47795 -0.82364 -0.30527
   428.03502 -0.59384 -0.04690 -0.80322
1.pdb ../domains/1yz9A1   77   4.839   0.167   0.075
   410.35378 -0.75955  0.03811 -0.64934
   112.68330  0.63924 -0.14079 -0.75601
   261.84180 -0.12023 -0.98931  0.08257
1.pdb ../domains/1g59C2   85   4.985   0.180   0.054
   148.68579  0.12695  0.63017 -0.76601
  -126.36491 -0.59306  0.66725  0.45063
  -320.64649  0.79509  0.39708  0.45843
1.pdb ../domains/2r7xA  176   6.679   0.161   0.031
  -360.33212  0.67299  0.70683  0.21789
  -168.85672  0.64428 -0.70490  0.29668
   258.02140  0.36329 -0.05928 -0.92979
1.pdb ../domains/1uvlA  221   7.286   0.243   0.032
   204.69297  0.45072 -0.83009 -0.32834
  -333.09764  0.36231 -0.16605  0.91715
   281.58841 -0.81583 -0.53234  0.22590
1.pdb ../domains/2zxuA  142   6.575   0.221   0.036
  -335.94608  0.95039  0.21724  0.22264
  -102.78652 -0.21158  0.97612 -0.04925
  -162.13342 -0.22802 -0.00030  0.97366
1.pdb ../domains/1jbrA   80   5.018   0.172   0.056
  -437.67352  0.38855  0.72479  0.56895
   -37.10987 -0.54458 -0.31745  0.77631
  -116.05729  0.74328 -0.61148  0.27136
1.pdb ../domains/1hc8A   49   4.711   0.119   0.074
  -299.51056  0.75012  0.64343  0.15267
  -163.56118 -0.25049  0.06279  0.96608
   -14.24601  0.61202 -0.76292  0.20827
1.pdb ../domains/1ffyA  228   7.641   0.209   0.026
   348.09834  0.11624 -0.89889 -0.42248
  -214.79055  0.85751 -0.12381  0.49935
   100.40433 -0.50116 -0.42032  0.75641
1.pdb ../domains/2o5iN1  125   7.137   0.164   0.037
   205.12647 -0.95613 -0.04718  0.28912
   370.36266 -0.06666 -0.92601 -0.37156
  -232.65005  0.28526 -0.37453  0.88224
1.pdb ../domains/2gicA  157   7.591   0.200   0.049
  -379.13204 -0.14837  0.28316  0.94753
   282.81581 -0.40313 -0.89223  0.20351
  -160.78750  0.90304 -0.35178  0.24653
1.pdb ../domains/1zhoA  122   6.465   0.198   0.041
    88.43219 -0.14513 -0.84609  0.51290
   133.08097  0.66033 -0.46887 -0.58662
  -412.42311  0.73682  0.25354  0.62675
1.pdb ../domains/2j03G   83   5.872   0.155   0.014
   -39.34433 -0.95897  0.07573  0.27321
  -353.22979  0.26538 -0.09938  0.95901
  -253.30419  0.09977  0.99216  0.07521
1.pdb ../domains/1zbiB   87   4.730   0.202   0.043
   246.62113  0.04623  0.23696 -0.97042
  -368.12894  0.36904  0.89868  0.23703
   -60.37381  0.92826 -0.36908 -0.04590
1.pdb ../domains/1cvjA2   60   4.354   0.150   0.037
  -249.06117  0.20620 -0.27418  0.93931
  -241.54640  0.61142  0.78557  0.09509
   -24.78847 -0.76397  0.55471  0.32962
1.pdb ../domains/1m8vA   47   3.479   0.135   0.032
   105.00981  0.43194 -0.90190  0.00074
   -14.85796 -0.62891 -0.30061  0.71701
   459.48559 -0.64645 -0.31017 -0.69706
1.pdb ../domains/1gaxA1  183   7.812   0.204   0.046
   212.09419  0.47764 -0.87268 -0.10141
   461.91163 -0.79842 -0.38301 -0.46458
   132.39498  0.36659  0.30287 -0.87971
1.pdb ../domains/1yvpB  202   6.752   0.254   0.047
  -340.77887  0.88393  0.13105  0.44888
   -89.79599 -0.43567 -0.11789  0.89235
   218.72292  0.16986 -0.98434 -0.04711
1.pdb ../domains/3bsnA  199   7.477   0.250   0.021
  -178.28619  0.99676 -0.05998 -0.05368
  -183.86352  0.04769  0.97728 -0.20650
  -380.48428  0.06485  0.20327  0.97697
1.pdb ../domains/2db3A  171   7.002   0.226   0.046
   312.98912 -0.86959 -0.46897  0.15453
   -40.94161 -0.46920  0.88231  0.03732
   390.80502 -0.15384 -0.04005 -0.98728
1.pdb ../domains/1asyA2  158   6.635   0.235   0.064
   -61.91807 -0.65439  0.29607  0.69579
    -7.41012 -0.03916  0.90565 -0.42220
   418.68057 -0.75514 -0.30353 -0.58106
1.pdb ../domains/3bx2A  144   7.074   0.210   0.048
   -54.64704  0.91115 -0.24099 -0.33425
   116.95876 -0.10207  0.65389 -0.74968
  -412.15464  0.39923  0.71719  0.57119
1.pdb ../domains/2gjwA  115   5.487   0.198   0.032
   491.39021 -0.57486 -0.33546 -0.74633
    48.40835 -0.34448 -0.72812  0.59261
   -26.84406 -0.74221  0.59776  0.30300
1.pdb ../domains/2rfkA1  114   6.276   0.196   0.034
    43.31536 -0.87973  0.43521  0.19151
   477.45440 -0.41297 -0.49973 -0.76140
   114.13988 -0.23566 -0.74891  0.61935
1.pdb ../domains/1tttC1  140   5.999   0.250   0.028
  -252.07225  0.89095  0.28718  0.35176
   255.49702  0.40357 -0.14565 -0.90328
   -98.39290 -0.20817  0.94674 -0.24567
1.pdb ../domains/2i82A  116   5.977   0.205   0.031
   -97.24569  0.29633  0.93631 -0.18847
   384.51225 -0.56208  0.01143 -0.82700
   -12.23394 -0.77217  0.35100  0.52967
1.pdb ../domains/2uwmA  120   5.836   0.226   0.050
   211.49353 -0.99073  0.02378 -0.13375
  -104.22937  0.07858  0.90344 -0.42145
   369.28564  0.11081 -0.42805 -0.89693
1.pdb ../domains/2ct8A2   98   5.783   0.187   0.053
   402.63373 -0.34381 -0.91402 -0.21533
   209.94847 -0.81075  0.40463 -0.42303
   215.90618  0.47379  0.02913 -0.88016
1.pdb ../domains/3dh3A2   97   5.255   0.194   0.016
   -41.55839  0.37247  0.69259 -0.61773
  -275.72756  0.91371 -0.15716  0.37474
   382.41819  0.16245 -0.70400 -0.69137
1.pdb ../domains/2o5jD2   87   5.346   0.176   0.024
  -356.68624  0.15148  0.49610  0.85495
   249.33981 -0.95894  0.28356  0.00536
   110.61328 -0.23977 -0.82066  0.51868
1.pdb ../domains/1knzA   77   5.775   0.151   0.023
   363.98136 -0.74018 -0.66921 -0.06542
   -84.90387  0.60128 -0.70230  0.38111
  -265.50369 -0.30099  0.24276  0.92221
1.pdb ../domains/2b3jC  102   4.827   0.224   0.062
  -389.33510  0.24943  0.40140  0.88129
  -147.63413  0.80087  0.42612 -0.42075
    44.22626 -0.54443  0.81074 -0.21518
1.pdb ../domains/1gaxA2   86   5.253   0.183   0.026
   358.09511  0.37579 -0.28323 -0.88236
   256.67281 -0.17380 -0.95679  0.23310
   323.85255 -0.91026  0.06576 -0.40878
1.pdb ../domains/1asyA1   63   4.394   0.147   0.045
  -227.77985  0.26167 -0.09805  0.96016
  -263.34956  0.51725  0.85415 -0.05374
   -12.58461 -0.81485  0.51070  0.27422
1.pdb ../domains/2ozbA   69   4.827   0.157   0.033
   -84.83504 -0.13553 -0.56234  0.81572
  -442.59977  0.14877  0.80243  0.57790
   184.81864 -0.97954  0.19968 -0.02509
1.pdb ../domains/1b23P3   60   4.723   0.140   0.053
   428.99941 -0.68755 -0.26320 -0.67676
   139.21348  0.01764 -0.93778  0.34679
   -77.84933 -0.72593  0.22650  0.64941
1.pdb ../domains/2rfkA2   60   4.496   0.145   0.055
   439.09178 -0.33826 -0.28847 -0.89575
    38.90917  0.62683 -0.77902  0.01417
   274.44350 -0.70190 -0.55669  0.44433
1.pdb ../domains/1l9aA   51   4.351   0.126   0.031
   383.17861 -0.56975  0.36629 -0.73567
  -218.27291  0.27106  0.92884  0.25254
    56.01523  0.77583 -0.05553 -0.62850
1.pdb ../domains/1gaxA3   54   4.764   0.130   0.054
   488.20126 -0.04759 -0.28893 -0.95617
   258.08370 -0.11582 -0.94920  0.29259
   219.30785 -0.99213  0.12467  0.01171
1.pdb ../domains/2az0B   33   3.336   0.094   0.086
  -319.12690 -0.06819  0.95163  0.29958
   -29.66792  0.72493  0.25357 -0.64045
   302.65595 -0.68544  0.17350 -0.70716
1.pdb ../domains/1gaxA4   25   2.604   0.077   0.045
   516.59948 -0.08497 -0.59236 -0.80118
   -11.59670  0.69986 -0.60782  0.37517
   176.05086 -0.70921 -0.52883  0.46622
1.pdb ../domains/3dh3B1   31   2.923   0.093   0.097
   298.71376 -0.96515  0.12781 -0.22837
   160.17254  0.24741  0.16115 -0.95542
   332.67513 -0.08531 -0.97862 -0.18715
1.pdb ../domains/1il2A2  193   7.629   0.234   0.040
  -453.10630  0.65111  0.36657  0.66459
   -90.15654 -0.70994  0.60379  0.36251
    20.29554 -0.26839 -0.70786  0.65338
1.pdb ../domains/1ytuB  170   7.399   0.220   0.026
   -59.94509  0.79436  0.44465 -0.41386
  -180.31748 -0.38083  0.89533  0.23097
  -348.00489  0.47324 -0.02586  0.88055
1.pdb ../domains/2azxB  162   6.623   0.231   0.053
   -87.16069 -0.74474  0.24355  0.62132
   264.14755 -0.49578  0.42131 -0.75941
   347.27614 -0.44672 -0.87360 -0.19302
1.pdb ../domains/2csxA1  133   7.181   0.190   0.038
   177.03813  0.17689  0.50362 -0.84562
   498.02456 -0.90021 -0.26456 -0.34588
  -203.48808 -0.39791  0.82242  0.40656
1.pdb ../domains/1zbhD  136   6.303   0.221   0.018
    -5.66870 -0.84569  0.36042  0.39358
   261.40020 -0.31059  0.26733 -0.91218
   409.48136 -0.43398 -0.89366 -0.11414
1.pdb ../domains/2j03D  130   6.190   0.216   0.024
   376.39170 -0.82513 -0.41462 -0.38374
  -177.32569 -0.55939  0.69462  0.45230
   121.66634  0.07902  0.58787 -0.80509
1.pdb ../domains/1r3eA1  113   6.199   0.194   0.008
   307.66014 -0.68335  0.35208 -0.63959
  -110.90419  0.72293  0.44870 -0.52539
   368.52619  0.10200 -0.82140 -0.56115
1.pdb ../domains/2j03F   93   5.491   0.176   0.034
  -200.07603  0.61529  0.57432 -0.53998
   -82.70315  0.67456 -0.73804 -0.01634
   533.81763 -0.40791 -0.35419 -0.84152
1.pdb ../domains/2j03E   98   6.022   0.178   0.058
   -66.65088  0.67217  0.22088 -0.70669
   113.37096  0.23184 -0.96926 -0.08243
   375.70837 -0.70316 -0.10843 -0.70271
1.pdb ../domains/2qk9A   73   4.769   0.164   0.056
   -57.03701  0.20688 -0.73024  0.65111
  -193.17621 -0.40658  0.54115  0.73611
   384.42511 -0.88989 -0.41701 -0.18495
1.pdb ../domains/2j03P   66   5.691   0.129   0.067
  -528.55469  0.11367  0.51258  0.85108
   -28.48559  0.03062 -0.85803  0.51268
  -120.48481  0.99305 -0.03221 -0.11323
1.pdb ../domains/2j03N   77   5.006   0.166   0.042
    15.19531  0.68152 -0.49736 -0.53681
  -389.08015  0.51642  0.84660 -0.12875
  -365.98876  0.51850 -0.18948  0.83382
1.pdb ../domains/2j03T   89   4.424   0.210   0.035
  -237.72708  0.84742 -0.42492  0.31831
   101.49310  0.40987  0.14249 -0.90094
  -443.39215  0.33747  0.89395  0.29491
1.pdb ../domains/2j03Q   74   5.426   0.154   0.062
  -467.03326  0.30318 -0.16562  0.93843
  -242.58314 -0.43459  0.85238  0.29083
   247.63249 -0.84806 -0.49601  0.18645
1.pdb ../domains/2j03O   71   4.811   0.162   0.040
   124.06437  0.52534 -0.34430 -0.77812
   368.40700 -0.85088 -0.21644 -0.47870
  -140.13273 -0.00360  0.91357 -0.40667
1.pdb ../domains/2hvyD   71   4.943   0.161   0.036
  -146.77788  0.47682 -0.66051  0.57998
   229.99903 -0.86291 -0.47741  0.16572
   402.27174  0.16743 -0.57949 -0.79760
1.pdb ../domains/2j03R   71   5.135   0.157   0.068
  -457.49834  0.77849  0.50901  0.36724
  -124.98166 -0.49370  0.85788 -0.14249
  -198.41945 -0.38758 -0.07038  0.91915
1.pdb ../domains/2j03U   76   4.710   0.177   0.049
   109.28354 -0.99646  0.04819  0.06893
  -312.05795  0.03602  0.98513 -0.16799
   369.02280 -0.07600 -0.16491 -0.98338
1.pdb ../domains/2j03W   57   4.098   0.142   0.092
   399.40077 -0.41741 -0.73734 -0.53114
  -230.52111  0.24293 -0.65376  0.71665
    25.26059 -0.87565  0.17011  0.45200
1.pdb ../domains/1c0aA1   67   4.386   0.165   0.067
  -217.04084 -0.31735  0.69814  0.64178
   385.22965 -0.94829 -0.23835 -0.20962
   -39.13049  0.00662 -0.67512  0.73768
1.pdb ../domains/2j03V   48   4.445   0.117   0.000
   142.46547 -0.50230 -0.82609  0.25549
   240.87664  0.00857 -0.30021 -0.95383
  -125.65651  0.86465 -0.47692  0.15788
1.pdb ../domains/2j03Y   60   4.368   0.148   0.055
  -273.31284  0.19102  0.97611 -0.10359
  -425.82023 -0.08818  0.12217  0.98859
  -166.42102  0.97762 -0.17970  0.10941
1.pdb ../domains/3f1fZ2   57   4.825   0.132   0.024
  -449.39255  0.88080 -0.05725  0.47002
  -172.00223 -0.38490  0.49157  0.78116
   304.30701 -0.27577 -0.86895  0.41094
1.pdb ../domains/2j03S   63   3.635   0.169   0.103
  -281.51199  0.22544 -0.65722  0.71919
   -81.39534  0.88587 -0.16894 -0.43208
  -390.46354  0.40547  0.73452  0.54413
1.pdb ../domains/1tttA2   57   4.864   0.134   0.064
  -246.93687  0.21560  0.95992  0.17910
  -295.79405  0.63522 -0.27717  0.72089
    61.55504  0.74163 -0.04165 -0.66951
1.pdb ../domains/2j03X   59   4.393   0.142   0.012
  -120.56657 -0.70336  0.34530  0.62133
  -387.45586  0.42017  0.90700 -0.02842
   358.61556 -0.57336  0.24108 -0.78304
1.pdb ../domains/2j03Z1   69   5.104   0.157   0.057
    56.31488  0.51273 -0.51808 -0.68462
  -459.53579  0.81088  0.55422  0.18789
  -131.79933  0.28209 -0.65149  0.70427
1.pdb ../domains/1ytyA2   60   4.323   0.148   0.025
  -130.45495  0.95942  0.12183 -0.25432
    85.84821  0.19391 -0.93982  0.28132
   371.94458 -0.20474 -0.31922 -0.92530
1.pdb ../domains/2j031   44   3.789   0.115   0.068
  -471.70891  0.51053  0.10060  0.85395
    34.79466 -0.85845  0.00273  0.51290
   265.97855  0.04927 -0.99492  0.08776
1.pdb ../domains/2j03H2   57   4.360   0.143   0.051
   -20.35917 -0.56933  0.70332 -0.42568
  -171.80278 -0.60436 -0.00704  0.79668
  -519.20351  0.55732  0.71084  0.42907
1.pdb ../domains/2j030   53   4.401   0.133   0.027
  -140.20615 -0.31587  0.84359 -0.43426
  -533.49460  0.47630  0.53683  0.69638
    10.00782  0.82059  0.01313 -0.57137
1.pdb ../domains/2asbA3   54   3.839   0.145   0.073
   -73.04921 -0.14171 -0.46343  0.87473
  -337.70309  0.87513  0.35436  0.32951
  -134.93998 -0.46267  0.81220  0.35535
1.pdb ../domains/2j03H1   53   3.742   0.145   0.066
   -10.76964 -0.39415  0.67369 -0.62513
  -553.85682  0.40992  0.73765  0.53650
   -65.28403  0.82256 -0.04479 -0.56691
1.pdb ../domains/2py9A   41   3.465   0.116   0.062
    27.46520  0.04095  0.55338 -0.83192
    72.45032  0.70017 -0.60989 -0.37122
   408.70539 -0.71280 -0.56728 -0.41244
1.pdb ../domains/2j038   41   3.615   0.115   0.000
   187.73987 -0.81101 -0.56580  0.14880
  -382.43148 -0.23824  0.55170  0.79930
   232.02891 -0.53433  0.61278 -0.58222
1.pdb ../domains/3f1f2   23   2.076   0.075   0.048
  -227.38516  0.25259  0.96123 -0.11058
   340.36645 -0.96377  0.23983 -0.11670
  -105.29253 -0.08565  0.13605  0.98699
1.pdb ../domains/3f1fI1   26   2.497   0.083   0.089
   285.56945  0.17089 -0.93902 -0.29840
   -25.11747  0.23630 -0.25496  0.93764
   331.65264 -0.95654 -0.23074  0.17832
1.pdb ../domains/2j033   40   4.710   0.100   0.037
    26.55243  0.19352  0.34130 -0.91982
  -106.29782 -0.73781  0.66859  0.09286
  -402.54431  0.64668  0.66068  0.38119
1.pdb ../domains/2j035   43   4.193   0.114   0.034
  -424.84414  0.25297  0.19787  0.94702
  -326.36435  0.56358  0.76549 -0.31049
   -19.41057 -0.78637  0.61227  0.08213
1.pdb ../domains/2j037   18   1.920   0.061   0.062
  -216.56702  0.64339  0.60753 -0.46579
   158.04847 -0.74558  0.35923 -0.56131
  -284.95587 -0.17368  0.70842  0.68409
1.pdb ../domains/2j036   39   3.757   0.108   0.128
   272.12217 -0.77182 -0.59790 -0.21635
  -198.90120 -0.61058  0.60200  0.51458
   228.28547 -0.17742  0.52926 -0.82970
1.pdb ../domains/1n35A  206   7.626   0.160   0.015
   -23.93058  0.79061 -0.60861 -0.06734
   537.12598 -0.54125 -0.64317 -0.54165
   111.81530  0.28635  0.46468 -0.83790
1.pdb ../domains/2bteA  183   8.115   0.164   0.030
  -181.69938  0.89288  0.34567 -0.28859
  -300.46735  0.36163 -0.16856  0.91696
   255.81673  0.26832 -0.92309 -0.27550
1.pdb ../domains/1f7uA  201   7.246   0.227   0.041
   269.02683  0.46463 -0.69547 -0.54812
  -255.04933  0.73827  0.64604 -0.19389
  -276.32042  0.48896 -0.31457  0.81361
1.pdb ../domains/1efwA2  190   7.002   0.246   0.052
  -258.22868  0.81516 -0.28938  0.50177
  -164.97467 -0.08124  0.80058  0.59370
    46.24480 -0.57351 -0.52472  0.62909
1.pdb ../domains/3ephA  145   6.736   0.204   0.015
   149.16153 -0.69639 -0.42707  0.57675
  -413.31234  0.23507  0.62358  0.74558
   162.37558 -0.67807  0.65480 -0.33386
1.pdb ../domains/1q2rA  189   7.187   0.256   0.039
   125.03736  0.21626 -0.91636  0.33693
   -49.88182  0.84721  0.00462 -0.53124
  -415.10959  0.48525  0.40034  0.77734
1.pdb ../domains/3bt7A  198   6.943   0.278   0.026
   219.10336 -0.41732 -0.83230  0.36485
   249.04405  0.47965 -0.54274 -0.68947
  -325.65497  0.77187 -0.11273  0.62571
1.pdb ../domains/1vfgB  172   7.411   0.229   0.042
  -240.21084  0.97835  0.16409  0.12610
   191.10349  0.15396 -0.98430  0.08632
   307.94215  0.13829 -0.06504 -0.98825
1.pdb ../domains/2bh2A2  200   6.664   0.293   0.040
   314.56725 -0.40975 -0.88145  0.23483
    23.54231 -0.85438  0.46104  0.23976
   412.38956 -0.31961 -0.10240 -0.94200
1.pdb ../domains/2ipyB1  172   6.703   0.251   0.027
  -319.10353  0.79303  0.57989  0.18662
  -135.58152 -0.57420  0.60925  0.54690
   -89.69346  0.20344 -0.54087  0.81613
1.pdb ../domains/2v3cD1  138   6.207   0.220   0.044
  -155.14791  0.59290  0.66199 -0.45852
  -400.66212  0.60285  0.01263  0.79775
   446.64430  0.53389 -0.74941 -0.39159
1.pdb ../domains/1h4sA1  118   6.087   0.199   0.033
   -21.24119  0.81822 -0.57272 -0.05010
   452.31894 -0.57399 -0.81873 -0.01478
   403.61451 -0.03256  0.04085 -0.99863
1.pdb ../domains/3f1eX2  111   5.656   0.197   0.013
  -352.48258  0.96575  0.24891 -0.07331
   112.31605 -0.25025  0.81882 -0.51664
  -265.25192 -0.06857  0.51729  0.85306
1.pdb ../domains/2ipyA3  135   6.388   0.226   0.053
   195.02899 -0.93774 -0.07977  0.33807
  -423.54654  0.29125  0.34978  0.89041
   -72.14870 -0.18927  0.93343 -0.30477
1.pdb ../domains/2ipyA2  110   6.165   0.186   0.032
   -78.40156  0.93952  0.17883 -0.29210
  -144.60569 -0.19521  0.98037 -0.02768
  -399.06090  0.28141  0.08303  0.95599
1.pdb ../domains/3ftfA  118   6.371   0.198   0.053
   228.58543  0.40445 -0.17765 -0.89714
  -398.65679  0.89876  0.25878  0.35394
   113.68606  0.16929 -0.94946  0.26432
1.pdb ../domains/1k8wA1  113   6.526   0.187   0.050
  -122.15183  0.62066  0.58559 -0.52141
  -427.30391  0.31621  0.42158  0.84987
    23.60432  0.71749 -0.69236  0.07649
1.pdb ../domains/2bggB2  126   5.965   0.225   0.060
   241.51984 -0.30028  0.38762 -0.87154
   275.32968  0.28545 -0.83531 -0.46986
   294.99860 -0.91014 -0.38987  0.14018
1.pdb ../domains/1ooaA1  118   5.851   0.218   0.063
   166.23474 -0.73275 -0.46819  0.49384
   394.40889 -0.33782 -0.37970 -0.86122
    33.77491  0.59072 -0.79789  0.12006
1.pdb ../domains/1ddlB   94   5.742   0.176   0.050
   387.10589 -0.27055 -0.00982 -0.96265
   294.66397 -0.60206 -0.77855  0.17715
    88.73720 -0.75121  0.62751  0.20473
1.pdb ../domains/2du3A2  102   5.450   0.202   0.065
   377.76696  0.07967 -0.27334 -0.95861
   246.79378 -0.30058 -0.92349  0.23834
   198.27231 -0.95042  0.26915 -0.15573
1.pdb ../domains/1bmv21   90   5.437   0.181   0.065
   248.37218 -0.93111 -0.34151  0.12811
   -82.06498 -0.35856  0.92142 -0.14973
   484.13839 -0.06691 -0.18535 -0.98039
1.pdb ../domains/3eqtB   85   5.436   0.173   0.050
  -150.22670  0.71688 -0.58368  0.38131
  -411.23142  0.13015  0.64935  0.74927
   130.00841 -0.68494 -0.48751  0.54147
1.pdb ../domains/1rpuA   76   4.398   0.174   0.065
  -227.21278 -0.43753  0.77133  0.46218
  -212.46721  0.75848  0.59265 -0.27105
   402.73255 -0.48298  0.23196 -0.84435
1.pdb ../domains/2vplA   70   4.569   0.160   0.051
   440.96238 -0.70908 -0.25921 -0.65576
   135.94223  0.10709 -0.95878  0.26319
   -89.80282 -0.69695  0.11640  0.70761
1.pdb ../domains/1i6uA   67   4.958   0.151   0.024
  -399.59532  0.74102  0.47155  0.47804
    22.03290 -0.35199  0.87906 -0.32150
  -139.72014 -0.57183  0.06998  0.81739
1.pdb ../domains/1s03H   80   5.145   0.172   0.066
  -282.52249  0.27724 -0.26733  0.92286
  -123.83516  0.96049  0.05256 -0.27332
  -260.23100  0.02456  0.96217  0.27134
1.pdb ../domains/1h4qB2   61   4.224   0.150   0.011
  -421.36402  0.37603  0.33651  0.86334
   -46.34830  0.83500  0.28087 -0.47317
     8.73456 -0.40172  0.89882 -0.17537
1.pdb ../domains/1rlgB   57   4.852   0.131   0.051
  -191.13257 -0.58383  0.28514  0.76016
   -68.32189 -0.04430  0.92371 -0.38052
   417.63364 -0.81067 -0.25583 -0.52666
1.pdb ../domains/2ozbE2   73   5.000   0.166   0.041
  -135.37957  0.17557 -0.63249  0.75441
   351.76379 -0.70514 -0.61554 -0.35196
   168.40337  0.68698 -0.47017 -0.55407
1.pdb ../domains/1sdsA   62   5.318   0.132   0.070
  -438.15592  0.34344  0.47904  0.80782
   -71.62127  0.86725  0.16835 -0.46854
    73.15762 -0.36045  0.86150 -0.35763
1.pdb ../domains/2fmtA3   59   4.438   0.144   0.052
   450.16556  0.10603 -0.66618 -0.73821
   176.78243 -0.58346 -0.64284  0.49632
   235.88593 -0.80519  0.37809 -0.45685
1.pdb ../domains/2fmtA1   63   4.502   0.147   0.035
   321.35615 -0.46317 -0.85786  0.22258
   285.18240  0.37993 -0.41909 -0.82463
  -264.57243  0.80070 -0.29738  0.52004
1.pdb ../domains/1efwA1   55   3.534   0.145   0.014
   210.62413 -0.64100  0.53704 -0.54836
   196.04236 -0.69388 -0.10005  0.71311
  -404.66983  0.32811  0.83760  0.43678
1.pdb ../domains/2v3cC2   51   4.674   0.121   0.077
  -227.85433  0.98458 -0.13525 -0.11096
   -77.67464 -0.01755 -0.70743  0.70657
   679.96505 -0.17406 -0.69372 -0.69889
1.pdb ../domains/1a9nB   67   4.205   0.172   0.013
  -166.00305  0.87729  0.35640 -0.32146
    10.30762  0.45422 -0.83289  0.31619
   429.67116 -0.15505 -0.42340 -0.89258
1.pdb ../domains/1b7fA2   60   5.036   0.137   0.051
  -322.27805  0.48741  0.86869  0.08841
  -237.53022  0.13060 -0.17264  0.97629
    75.24885  0.86335 -0.46430 -0.19759
1.pdb ../domains/1fxlA2   62   5.011   0.139   0.074
  -380.06635  0.06512  0.83938  0.53963
   -47.80276  0.75215  0.31409 -0.57932
   225.67884 -0.65576  0.44361 -0.61089
1.pdb ../domains/1ec6A   45   3.482   0.123   0.064
  -303.04652  0.82977  0.55600  0.04834
    48.52996  0.49243 -0.77015  0.40545
   347.59752  0.26266 -0.31263 -0.91284
1.pdb ../domains/2annA1   61   4.881   0.144   0.076
   367.56352 -0.03749 -0.96718 -0.25131
   -55.69616 -0.59497 -0.18045  0.78323
   340.99987 -0.80288  0.17889 -0.56867
1.pdb ../domains/1b7fA1   54   4.228   0.141   0.030
   -29.41535 -0.42304 -0.40813  0.80899
   -63.50208  0.84140 -0.50827  0.18357
  -367.75905  0.33627  0.75835  0.55842
1.pdb ../domains/1fxlA1   51   4.055   0.135   0.076
    61.87177 -0.10445 -0.81168  0.57470
  -245.26842 -0.47330  0.54879  0.68907
   396.69422 -0.87469 -0.20003 -0.44148
1.pdb ../domains/3f1fK2   49   4.559   0.121   0.016
  -362.62570 -0.38793  0.73430  0.55707
  -310.86053  0.83526  0.02454  0.54931
    98.90096  0.38968  0.67839 -0.62285
1.pdb ../domains/3f1fK1   50   4.167   0.129   0.098
  -517.49253  0.82445  0.25711  0.50417
    -7.87244  0.02015  0.87695 -0.48016
   -28.52768 -0.56558  0.40602  0.71782
1.pdb ../domains/2atwA2   48   4.020   0.128   0.100
  -435.72681  0.37667  0.39040  0.84006
    87.35007 -0.87964  0.43508  0.19222
   114.20618 -0.29045 -0.81135  0.50729
1.pdb ../domains/1mmsA2   44   4.077   0.115   0.034
  -303.52171  0.82654  0.55616 -0.08674
    23.09621  0.56271 -0.81257  0.15194
   350.99322  0.01402 -0.17439 -0.98458
1.pdb ../domains/2zkoA   25   1.999   0.080   0.029
   182.85207 -0.80019  0.43704 -0.41072
   383.08008 -0.04064 -0.72276 -0.68991
   120.20495 -0.59837 -0.53536  0.59610
1.pdb ../domains/2gxbB   22   2.619   0.068   0.078
   143.54330 -0.90791  0.41157 -0.07943
  -384.07640  0.36102  0.86409  0.35074
   181.16501  0.21299  0.28977 -0.93310
1.pdb ../domains/2bh2A1   43   3.766   0.118   0.020
   347.44723 -0.71211 -0.63563  0.29812
   -87.56491  0.70206 -0.64593  0.29979
  -354.11847  0.00201  0.42278  0.90623
1.pdb ../domains/2zi0A   38   3.946   0.106   0.021
  -127.87700 -0.08999  0.90325 -0.41958
    96.00920  0.53401 -0.31184 -0.78587
   349.26244 -0.84068 -0.29478 -0.45428
1.pdb ../domains/3bsuG   34   3.643   0.095   0.056
   352.61816 -0.49034 -0.11172 -0.86434
   -28.81650  0.86132 -0.21348 -0.46103
   251.56024 -0.13302 -0.97054  0.20090
1.pdb ../domains/1g1xH   23   2.364   0.077   0.185
    37.86692  0.76807 -0.63978 -0.02731
   119.78972 -0.46407 -0.58550  0.66470
   437.51697 -0.44125 -0.49786 -0.74661
1.pdb ../domains/3g0hA  164   6.802   0.228   0.035
  -169.74610  0.83424  0.39054 -0.38925
   142.91430 -0.55021  0.63588 -0.54123
  -420.27264  0.03614  0.66568  0.74536
1.pdb ../domains/2ix1A3  178   6.770   0.249   0.040
   299.82230 -0.75362  0.26032 -0.60357
   366.39947  0.00888 -0.91412 -0.40535
    54.69123 -0.65725 -0.31084  0.68658
1.pdb ../domains/1h3eA1  147   6.942   0.212   0.031
   309.04458 -0.96786  0.24994 -0.02780
   423.16714 -0.23186 -0.92967 -0.28629
  -155.63209 -0.09740 -0.27065  0.95774
1.pdb ../domains/1serB2  130   6.469   0.200   0.041
   344.04338 -0.16347 -0.97368  0.15883
   298.52862 -0.96986  0.12912 -0.20662
   347.85621  0.18067 -0.18782 -0.96544
1.pdb ../domains/2f8sA1  144   6.260   0.228   0.053
  -463.57908  0.67678  0.17427  0.71526
   140.93486  0.64170 -0.61583 -0.45713
  -101.33673  0.36082  0.76836 -0.52861
1.pdb ../domains/2fk6A  188   6.523   0.291   0.097
  -249.97005  0.53230  0.08070  0.84270
  -212.14581  0.21937  0.94830 -0.22937
    14.43289 -0.81764  0.30696  0.48707
1.pdb ../domains/1qf6A2  120   6.493   0.188   0.028
  -178.03079 -0.52674  0.44052  0.72697
    39.11522 -0.02713  0.84608 -0.53236
   457.36075 -0.84959 -0.30014 -0.43371
1.pdb ../domains/2a1rB  146   6.859   0.225   0.038
   333.97194  0.30955 -0.42304 -0.85160
   371.58262 -0.94473 -0.23855 -0.22491
   -22.91666 -0.10800  0.87415 -0.47350
1.pdb ../domains/1u0bB1  115   5.740   0.200   0.041
  -160.42230  0.40366 -0.43471  0.80504
   341.78428 -0.76306 -0.64543  0.03410
   221.31417  0.50477 -0.62805 -0.59224
1.pdb ../domains/3dd2H  122   6.096   0.207   0.041
   -16.63433 -0.59785 -0.22237  0.77014
  -221.27672 -0.27688  0.95891  0.06194
   390.16555 -0.75227 -0.17621 -0.63486
1.pdb ../domains/1hysA1  126   5.774   0.228   0.037
  -406.44465  0.76648  0.31999  0.55688
   288.22100  0.56331 -0.75143 -0.34356
    -2.19557  0.30852  0.57702 -0.75621
1.pdb ../domains/1qf6A1  115   6.377   0.188   0.042
   220.29501 -0.18055  0.54126 -0.82124
  -344.31095  0.11779  0.84085  0.52829
  -164.88225  0.97649 -0.00136 -0.21557
1.pdb ../domains/2jeaB  138   5.763   0.250   0.065
    22.77161  0.76415 -0.19765 -0.61402
  -425.63536  0.57155  0.64872  0.50248
   -84.66859  0.29901 -0.73491  0.60868
1.pdb ../domains/3f73A3  125   6.274   0.215   0.040
  -114.85249  0.94958 -0.00520 -0.31347
  -169.79678 -0.04845  0.98542 -0.16311
  -355.01705  0.30975  0.17007  0.93548
1.pdb ../domains/1mzpA  116   6.394   0.199   0.018
   155.95144  0.52552 -0.82637 -0.20233
  -264.88928  0.83971  0.54204 -0.03284
  -307.96016  0.13682 -0.15264  0.97877
1.pdb ../domains/2j03C  103   5.761   0.197   0.032
   110.50148 -0.34229 -0.91115  0.22943
   216.32938 -0.93487  0.30581 -0.18027
   438.60993  0.09409 -0.27619 -0.95649
1.pdb ../domains/1ze2B1   77   5.527   0.154   0.043
  -391.77053  0.25057  0.75794  0.60229
   145.49807 -0.84291 -0.13519  0.52080
  -182.73934  0.47616 -0.63817  0.60499
1.pdb ../domains/1a34A   76   5.372   0.158   0.039
   298.96017 -0.67684  0.38626 -0.62665
   350.43551  0.33223 -0.59936 -0.72828
   262.46809 -0.65689 -0.70112  0.27734
1.pdb ../domains/1u0bB2   77   5.086   0.168   0.057
  -227.06409  0.41883 -0.29661  0.85826
  -314.50546  0.56254  0.82669  0.01118
  -118.98275 -0.71283  0.47812  0.51310
1.pdb ../domains/2qa4G   71   5.667   0.146   0.040
  -164.43498 -0.12411  0.99078 -0.05432
  -319.67953  0.32075  0.09186  0.94270
    45.97402  0.93900  0.09958 -0.32919
1.pdb ../domains/1r9fA   58   4.559   0.135   0.041
   -23.78311 -0.68094  0.17198  0.71186
   365.40751 -0.36556 -0.92209 -0.12692
  -273.83244  0.63458 -0.34665  0.69076
1.pdb ../domains/1si3A   73   4.485   0.171   0.035
   238.18367  0.36435 -0.12683 -0.92258
   394.49998 -0.39326 -0.91897 -0.02897
   235.76672 -0.84415  0.37337 -0.38471
1.pdb ../domains/1jidA   68   5.288   0.146   0.070
   403.38176 -0.01686 -0.44882 -0.89347
  -157.13998  0.47336  0.78352 -0.40252
  -132.63794  0.88071 -0.42972  0.19924
1.pdb ../domains/1serB1   64   4.917   0.148   0.078
   300.86886 -0.07041 -0.99222  0.10271
   190.98977  0.55081 -0.12452 -0.82529
  -317.12440  0.83165 -0.00154  0.55529
1.pdb ../domains/1j1uA2   60   5.032   0.136   0.032
   -63.12115  0.42672  0.70755 -0.56327
   171.22780  0.61248 -0.68435 -0.39564
   546.43059 -0.66541 -0.17617 -0.72539
